0.01	380.4158
0.158676    41.140229
0.222163    32.128993
0.311055    25.292165
0.435517    20.016151
0.609785    15.925050
0.853786    12.670128
1.195407    10.000524
1.673719    7.893407
2.343496    6.380896
3.281385    5.254952
4.594643    4.339189
6.433582    3.621260
9.008598    3.038202
12.614255    2.549021
17.663193    2.149988
24.733836    1.857265
34.635665    1.630155
48.504091    1.484990
67.927086    1.374469
95.128900    1.282346
133.226845    1.215604
186.583942    1.158470
261.312414    1.109899
365.973027    1.069024
512.556056    1.035135
717.849928    1.002321
1005.362533    0.965408
1408.024148    0.927389
1971.949921    0.888506
2761.888136    0.885832
3868.280120    0.885513
5418.148635    0.916274
7588.875021    0.938090
10629.320804    0.962979
14888.241287    1.004398
20853.142583    1.031045
29207.414475    1.047221
40909.989616    1.089368
57298.444047    1.091870
80251.777419    1.091477
112397.518078    1.073844
157413.690149    1.028821
220445.174923    0.942193
302243.185262    0.785429
372894.130101    0.552302
405405.794380    0.353559
510846.537069    0.259792
715541.539084    0.273859
1002418.941469    0.323593
1404354.351659    0.390565
1967444.617288    0.470149
2756218.687944    0.552588
3861063.274632    0.630793
5408425.545298    0.686469
7575370.081660    0.710316
10000000.0	0.72