   0.000000000000000   0.550800000000000
   0.107457000000000   0.532251000000000
   0.202040000000000   0.511961000000000
   0.294265000000000   0.489323000000000
   0.388875000000000   0.457378000000000
   0.466931000000000   0.429975000000000
   0.547355000000000   0.400258000000000
   0.625422000000000   0.368192000000000
   0.731871000000000   0.327010000000000
   0.866719000000000   0.269717000000000
   0.970810000000000   0.226186000000000
   1.091460000000000   0.175783000000000
   1.231035000000000   0.118524000000000
   1.363519000000000   0.061214000000000
   1.543718592964824  -0.000320850131925